# -*- coding: utf-8 -*-
"""
Created on Thu Mar 21 00:38:43 2019

@author: Danilo Rafael
"""

[
 [( 20,  20) ( 41,  20) ( 62,  20) ( 83,  20) (104,  20) (125,  20) (146,  20) (167,  20) (188,  20) (209,  20) (230,  20) (251,  20) (272,  20) (293,  20) (314,  20)]
 [( 20,  41) ( 41,  41) ( 62,  41) ( 83,  41) (104,  41) (125,  41) (146,  41) (167,  41) (188,  41) (209,  41) (230,  41) (251,  41) (272,  41) (293,  41) (314,  41)]
 [( 20,  62) ( 41,  62) ( 62,  62) ( 83,  62) (104,  62) (125,  62) (146,  62) (167,  62) (188,  62) (209,  62) (230,  62) (251,  62) (272,  62) (293,  62) (314,  62)]
 [( 20,  83) ( 41,  83) ( 62,  83) ( 83,  83) (104,  83) (125,  83) (146,  83) (167,  83) (188,  83) (209,  83) (230,  83) (251,  83) (272,  83) (293,  83) (314,  83)]
 [( 20, 104) ( 41, 104) ( 62, 104) ( 83, 104) (104, 104) (125, 104) (146, 104) (167, 104) (188, 104) (209, 104) (230, 104) (251, 104) (272, 104) (293, 104) (314, 104)]
 [( 20, 125) ( 41, 125) ( 62, 125) ( 83, 125) (104, 125) (125, 125) (146, 125) (167, 125) (188, 125) (209, 125) (230, 125) (251, 125) (272, 125) (293, 125) (314, 125)]
 [( 20, 146) ( 41, 146) ( 62, 146) ( 83, 146) (104, 146) (125, 146) (146, 146) (167, 146) (188, 146) (209, 146) (230, 146) (251, 146) (272, 146) (293, 146) (314, 146)]
 [( 20, 167) ( 41, 167) ( 62, 167) ( 83, 167) (104, 167) (125, 167) (146, 167) (167, 167) (188, 167) (209, 167) (230, 167) (251, 167) (272, 167) (293, 167) (314, 167)]
 [( 20, 188) ( 41, 188) ( 62, 188) ( 83, 188) (104, 188) (125, 188) (146, 188) (167, 188) (188, 188) (209, 188) (230, 188) (251, 188) (272, 188) (293, 188) (314, 188)]
 [( 20, 209) ( 41, 209) ( 62, 209) ( 83, 209) (104, 209) (125, 209) (146, 209) (167, 209) (188, 209) (209, 209) (230, 209) (251, 209) (272, 209) (293, 209) (314, 209)]
 [( 20, 230) ( 41, 230) ( 62, 230) ( 83, 230) (104, 230) (125, 230) (146, 230) (167, 230) (188, 230) (209, 230) (230, 230) (251, 230) (272, 230) (293, 230) (314, 230)]
 [( 20, 251) ( 41, 251) ( 62, 251) ( 83, 251) (104, 251) (125, 251) (146, 251) (167, 251) (188, 251) (209, 251) (230, 251) (251, 251) (272, 251) (293, 251) (314, 251)]
 [( 20, 272) ( 41, 272) ( 62, 272) ( 83, 272) (104, 272) (125, 272) (146, 272) (167, 272) (188, 272) (209, 272) (230, 272) (251, 272) (272, 272) (293, 272) (314, 272)]
 [( 20, 293) ( 41, 293) ( 62, 293) ( 83, 293) (104, 293) (125, 293) (146, 293) (167, 293) (188, 293) (209, 293) (230, 293) (251, 293) (272, 293) (293, 293) (314, 293)]
 [( 20, 314) ( 41, 314) ( 62, 314) ( 83, 314) (104, 314) (125, 314) (146, 314) (167, 314) (188, 314) (209, 314) (230, 314) (251, 314) (272, 314) (293, 314) (314, 314)]
]

[
 [( 25,  25) ( 46,  25) ( 67,  25) ( 88,  25) (109,  25) (130,  25) (151,  25) (172,  25) (193,  25) (214,  25) (235,  25) (256,  25) (277,  25) (298,  25) (319,  25)]
 [( 25,  46) ( 46,  46) ( 67,  46) ( 88,  46) (109,  46) (130,  46) (151,  46) (172,  46) (193,  46) (214,  46) (235,  46) (256,  46) (277,  46) (298,  46) (319,  46)]
 [( 25,  67) ( 46,  67) ( 67,  67) ( 88,  67) (109,  67) (130,  67) (151,  67) (172,  67) (193,  67) (214,  67) (235,  67) (256,  67) (277,  67) (298,  67) (319,  67)]
 [( 25,  88) ( 46,  88) ( 67,  88) ( 88,  88) (109,  88) (130,  88) (151,  88) (172,  88) (193,  88) (214,  88) (235,  88) (256,  88) (277,  88) (298,  88) (319,  88)]
 [( 25, 109) ( 46, 109) ( 67, 109) ( 88, 109) (109, 109) (130, 109) (151, 109) (172, 109) (193, 109) (214, 109) (235, 109) (256, 109) (277, 109) (298, 109) (319, 109)]
 [( 25, 130) ( 46, 130) ( 67, 130) ( 88, 130) (109, 130) (130, 130) (151, 130) (172, 130) (193, 130) (214, 130) (235, 130) (256, 130) (277, 130) (298, 130) (319, 130)]
 [( 25, 151) ( 46, 151) ( 67, 151) ( 88, 151) (109, 151) (130, 151) (151, 151) (172, 151) (193, 151) (214, 151) (235, 151) (256, 151) (277, 151) (298, 151) (319, 151)]
 [( 25, 172) ( 46, 172) ( 67, 172) ( 88, 172) (109, 172) (130, 172) (151, 172) (172, 172) (193, 172) (214, 172) (235, 172) (256, 172) (277, 172) (298, 172) (319, 172)]
 [( 25, 193) ( 46, 193) ( 67, 193) ( 88, 193) (109, 193) (130, 193) (151, 193) (172, 193) (193, 193) (214, 193) (235, 193) (256, 193) (277, 193) (298, 193) (319, 193)]
 [( 25, 214) ( 46, 214) ( 67, 214) ( 88, 214) (109, 214) (130, 214) (151, 214) (172, 214) (193, 214) (214, 214) (235, 214) (256, 214) (277, 214) (298, 214) (319, 214)]
 [( 25, 235) ( 46, 235) ( 67, 235) ( 88, 235) (109, 235) (130, 235) (151, 235) (172, 235) (193, 235) (214, 235) (235, 235) (256, 235) (277, 235) (298, 235) (319, 235)]
 [( 25, 256) ( 46, 256) ( 67, 256) ( 88, 256) (109, 256) (130, 256) (151, 256) (172, 256) (193, 256) (214, 256) (235, 256) (256, 256) (277, 256) (298, 256) (319, 256)]
 [( 25, 277) ( 46, 277) ( 67, 277) ( 88, 277) (109, 277) (130, 277) (151, 277) (172, 277) (193, 277) (214, 277) (235, 277) (256, 277) (277, 277) (298, 277) (319, 277)]
 [( 25, 298) ( 46, 298) ( 67, 298) ( 88, 298) (109, 298) (130, 298) (151, 298) (172, 298) (193, 298) (214, 298) (235, 298) (256, 298) (277, 298) (298, 298) (319, 298)]
 [( 25, 319) ( 46, 319) ( 67, 319) ( 88, 319) (109, 319) (130, 319) (151, 319) (172, 319) (193, 319) (214, 319) (235, 319) (256, 319) (277, 319) (298, 319) (319, 319)]
]

[
 [                                                                  (151,  25) (172,  25) (193,  25)                                                                  ]
 [                                                                  (151,  46) (172,  46) (193,  46)                                                                  ]
 [                                                                  (151,  67) (172,  67) (193,  67)                                                                  ]
 [                                                                  (151,  88) (172,  88) (193,  88)                                                                  ]
 [                                                                  (151, 109) (172, 109) (193, 109)                                                                  ]
 [                                                                  (151, 130) (172, 130) (193, 130)                                                                  ]
 [( 25, 151) ( 46, 151) ( 67, 151) ( 88, 151) (109, 151) (130, 151)                                  (214, 151) (235, 151) (256, 151) (277, 151) (298, 151) (319, 151)]
 [( 25, 172) ( 46, 172) ( 67, 172) ( 88, 172) (109, 172) (130, 172)                                  (214, 172) (235, 172) (256, 172) (277, 172) (298, 172) (319, 172)]
 [( 25, 193) ( 46, 193) ( 67, 193) ( 88, 193) (109, 193) (130, 193)                                  (214, 193) (235, 193) (256, 193) (277, 193) (298, 193) (319, 193)]
 [                                                                  (151, 214) (172, 214) (193, 214)                                                                  ]
 [                                                                  (151, 235) (172, 235) (193, 235)                                                                  ]
 [                                                                  (151, 256) (172, 256) (193, 256)                                                                  ]
 [                                                                  (151, 277) (172, 277) (193, 277)                                                                  ]
 [                                                                  (151, 298) (172, 298) (193, 298)                                                                  ]
 [                                                                  (151, 319) (172, 319) (193, 319)                                                                  ]
]
[
 [                                                                                                                                                          ]
 [                                                                            (172,  46)                                                                              ]
 [                                                                            (172,  67)                                                                              ]
 [                                                                            (172,  88)                                                                              ]
 [                                                                            (172, 109)                                                                              ]
 [                                                                            (172, 130)                                                                              ]
 [                                                                                                                                                                    ]
 [( 25, 172) ( 46, 172) ( 67, 172) ( 88, 172) (109, 172) (130, 172)                                  (214, 172) (235, 172) (256, 172) (277, 172) (298, 172) (319, 172)]
 [                                                                                                                                                                    ]
 [                                                                            (172, 214)                                                                              ]
 [                                                                            (172, 235)                                                                              ]
 [                                                                            (172, 256)                                                                              ]
 [                                                                            (172, 277)                                                                              ]
 [                                                                            (172, 298)                                                                              ]
 [                                                                                                                                                                    ]
]

[
 [                                                                  (151,  25) (172,  25) (193,  25)                                                                  ]
 [                                                                  (151,  46)            (193,  46)                                                                  ]
 [                                                                  (151,  67)            (193,  67)                                                                  ]
 [                                                                  (151,  88)            (193,  88)                                                                  ]
 [                                                                  (151, 109)            (193, 109)                                                                  ]
 [                                                                  (151, 130)            (193, 130)                                                                  ]
 [( 25, 151) ( 46, 151) ( 67, 151) ( 88, 151) (109, 151) (130, 151)                                  (214, 151) (235, 151) (256, 151) (277, 151) (298, 151) (319, 151)]
 [( 25, 172)                                                                                                                                                (319, 172)]
 [( 25, 193) ( 46, 193) ( 67, 193) ( 88, 193) (109, 193) (130, 193)                                  (214, 193) (235, 193) (256, 193) (277, 193) (298, 193) (319, 193)]
 [                                                                  (151, 214)            (193, 214)                                                                  ]
 [                                                                  (151, 235)            (193, 235)                                                                  ]
 [                                                                  (151, 256)            (193, 256)                                                                  ]
 [                                                                  (151, 277)            (193, 277)                                                                  ]
 [                                                                  (151, 298)            (193, 298)                                                                  ]
 [                                                                  (151, 319) (172, 319) (193, 319)                                                                  ]
]


1째 quadrante
( 25,  25) ( 46,  25) ( 67,  25) ( 88,  25) (109,  25) (130,  25) 
( 25,  46) ( 46,  46) ( 67,  46) ( 88,  46) (109,  46) (130,  46) 
( 25,  67) ( 46,  67) ( 67,  67) ( 88,  67) (109,  67) (130,  67) 
( 25,  88) ( 46,  88) ( 67,  88) ( 88,  88) (109,  88) (130,  88) 
( 25, 109) ( 46, 109) ( 67, 109) ( 88, 109) (109, 109) (130, 109) 
( 25, 130) ( 46, 130) ( 67, 130) ( 88, 130) (109, 130) (130, 130) 

2째 Quadrante
(214,  25) (235,  25) (256,  25) (277,  25) (298,  25) (319,  25)
(214,  46) (235,  46) (256,  46) (277,  46) (298,  46) (319,  46)
(214,  67) (235,  67) (256,  67) (277,  67) (298,  67) (319,  67)
(214,  88) (235,  88) (256,  88) (277,  88) (298,  88) (319,  88)
(214, 109) (235, 109) (256, 109) (277, 109) (298, 109) (319, 109)
(214, 130) (235, 130) (256, 130) (277, 130) (298, 130) (319, 130)

3째 Quadrante 
( 25, 214) ( 46, 214) ( 67, 214) ( 88, 214) (109, 214) (130, 214) 
( 25, 235) ( 46, 235) ( 67, 235) ( 88, 235) (109, 235) (130, 235) 
( 25, 256) ( 46, 256) ( 67, 256) ( 88, 256) (109, 256) (130, 256) 
( 25, 277) ( 46, 277) ( 67, 277) ( 88, 277) (109, 277) (130, 277) 
( 25, 298) ( 46, 298) ( 67, 298) ( 88, 298) (109, 298) (130, 298) 
( 25, 319) ( 46, 319) ( 67, 319) ( 88, 319) (109, 319) (130, 319) 

4째
(214, 214) (235, 214) (256, 214) (277, 214) (298, 214) (319, 214)
(214, 235) (235, 235) (256, 235) (277, 235) (298, 235) (319, 235)
(214, 256) (235, 256) (256, 256) (277, 256) (298, 256) (319, 256)
(214, 277) (235, 277) (256, 277) (277, 277) (298, 277) (319, 277)
(214, 298) (235, 298) (256, 298) (277, 298) (298, 298) (319, 298)
(214, 319) (235, 319) (256, 319) (277, 319) (298, 319) (319, 319)

MEIO
(151, 151) (172, 151) (193, 151)
(151, 172) (172, 172) (193, 172)
(151, 193) (172, 193) (193, 193)
